Time	OnlinePlayerCount	volamtrunghieu1(192.168.248.103)	volamtrunghieu(103.92.25.248)
2018-8-31_23:21	52	2	50
2018-8-31_23:36	60	2	58
2018-8-31_23:51	64	7	57
2018-9-1_0:06	64	7	57
2018-9-1_0:21	65	8	57
2018-9-1_0:36	55	8	47
2018-9-1_0:51	53	7	46
2018-9-1_1:06	52	7	45
2018-9-1_1:21	53	8	45
2018-9-1_1:36	52	8	44
2018-9-1_1:51	51	8	43
2018-9-1_2:06	50	8	42
2018-9-1_2:21	51	8	43
2018-9-1_2:36	56	8	48
2018-9-1_2:51	51	8	43
2018-9-1_3:06	48	8	40
2018-9-1_3:21	48	8	40
2018-9-1_3:36	48	8	40
2018-9-1_3:51	46	8	38
2018-9-1_4:06	46	8	38
2018-9-1_4:21	46	8	38
2018-9-1_4:36	46	8	38
2018-9-1_4:51	46	8	38
2018-9-1_5:06	46	8	38
2018-9-1_5:21	46	8	38
2018-9-1_5:36	46	8	38
2018-9-1_5:51	46	8	38
2018-9-1_6:06	46	8	38
2018-9-1_6:21	46	8	38
2018-9-1_6:36	47	8	39
2018-9-1_6:51	47	8	39
2018-9-1_7:06	48	8	40
2018-9-1_7:21	48	8	40
2018-9-1_7:36	48	8	40
2018-9-1_7:51	45	8	37
2018-9-1_8:06	41	8	33
2018-9-1_8:21	45	8	37
2018-9-1_8:36	35	9	26
2018-9-1_8:51	50	13	37
2018-9-1_9:06	58	22	36
2018-9-1_9:21	60	21	39
2018-9-1_9:36	66	22	44
2018-9-1_9:51	64	21	43
2018-9-1_10:06	69	21	48
2018-9-1_10:21	72	23	49
2018-9-1_10:36	73	22	51
2018-9-1_10:51	82	23	59
2018-9-1_11:06	89	31	58
2018-9-1_11:21	94	34	60
2018-9-1_11:36	106	37	69
2018-9-1_11:51	102	37	65
2018-9-1_12:06	119	42	77
2018-9-1_12:21	148	64	84
2018-9-1_12:36	147	69	78
2018-9-1_12:51	152	72	80
2018-9-1_13:06	152	73	79
2018-9-1_13:21	168	88	80
2018-9-1_13:36	180	99	81
2018-9-1_13:51	206	122	84
2018-9-1_14:06	231	147	84
2018-9-1_14:21	238	158	80
2018-9-1_14:36	254	167	87
2018-9-1_14:51	278	189	89
2018-9-1_15:06	279	191	88
2018-9-1_15:21	279	199	80
2018-9-1_15:36	279	201	78
2018-9-1_15:51	276	201	75
2018-9-1_16:06	274	198	76
2018-9-1_16:21	290	200	90
2018-9-1_16:36	300	201	99
2018-9-1_16:51	295	200	95
2018-9-1_17:06	297	203	94
2018-9-1_17:21	289	195	94
2018-9-1_17:36	298	202	96
2018-9-1_17:51	316	214	102
2018-9-1_18:06	309	206	103
2018-9-1_18:21	313	210	103
2018-9-1_18:36	318	219	99
2018-9-1_18:51	311	215	96
2018-9-1_19:06	305	202	103
2018-9-1_19:21	309	200	109
2018-9-1_19:36	301	196	105
2018-9-1_19:51	303	186	117
2018-9-1_20:06	304	188	116
2018-9-1_20:21	310	191	119
2018-9-1_20:36	311	194	117
2018-9-1_20:51	307	191	116
2018-9-1_21:06	308	193	115
2018-9-1_21:21	311	194	117
2018-9-1_21:36	318	199	119
2018-9-1_21:51	325	206	119
2018-9-1_22:06	335	209	126
2018-9-1_22:21	330	205	125
2018-9-1_22:36	334	210	124
2018-9-1_22:51	327	214	113
2018-9-1_23:06	323	211	112
2018-9-1_23:21	334	219	115
2018-9-1_23:36	330	216	114
2018-9-1_23:51	327	211	116
2018-9-2_0:06	334	220	114
2018-9-2_0:21	349	221	128
2018-9-2_0:36	345	212	133
2018-9-2_0:51	343	212	131
2018-9-2_1:06	342	211	131
2018-9-2_1:21	345	214	131
2018-9-2_1:36	345	214	131
2018-9-2_1:51	341	216	125
2018-9-2_2:06	339	214	125
2018-9-2_2:21	337	213	124
2018-9-2_2:36	340	215	125
2018-9-2_2:51	342	217	125
2018-9-2_3:06	343	218	125
2018-9-2_3:21	338	214	124
2018-9-2_3:36	337	213	124
2018-9-2_3:51	341	217	124
2018-9-2_4:06	335	211	124
2018-9-2_4:21	330	206	124
2018-9-2_4:36	328	205	123
2018-9-2_4:51	328	205	123
2018-9-2_5:06	327	204	123
2018-9-2_5:21	324	201	123
2018-9-2_5:36	326	203	123
2018-9-2_5:51	326	203	123
2018-9-2_6:06	326	203	123
2018-9-2_6:21	328	205	123
2018-9-2_6:36	330	211	119
2018-9-2_6:51	331	212	119
2018-9-2_7:06	335	213	122
2018-9-2_7:21	330	208	122
2018-9-2_7:36	324	200	124
2018-9-2_7:51	337	213	124
2018-9-2_8:06	324	200	124
2018-9-2_8:21	312	189	123
2018-9-2_8:36	313	191	122
2018-9-2_8:51	324	193	131
2018-9-2_9:06	321	190	131
2018-9-2_9:21	329	199	130
2018-9-2_9:36	342	206	136
2018-9-2_9:51	332	197	135
2018-9-2_10:06	327	192	135
2018-9-2_10:21	315	187	128
2018-9-2_10:36	330	197	133
2018-9-2_10:51	333	200	133
2018-9-2_11:06	333	200	133
2018-9-2_11:21	333	198	135
2018-9-2_11:36	336	199	137
2018-9-2_11:51	337	198	139
2018-9-2_12:06	337	198	139
2018-9-2_12:21	335	193	142
2018-9-2_12:36	334	194	140
2018-9-2_12:51	327	188	139
2018-9-2_13:06	332	193	139
2018-9-2_13:21	336	194	142
2018-9-2_13:36	324	179	145
2018-9-2_13:51	333	184	149
2018-9-2_14:06	342	188	154
2018-9-2_14:21	356	197	159
2018-9-2_14:36	358	198	160
2018-9-2_14:51	344	183	161
2018-9-2_15:06	349	188	161
2018-9-2_15:21	333	177	156
2018-9-2_15:36	348	196	152
2018-9-2_15:51	346	193	153
2018-9-2_16:06	370	210	160
2018-9-2_16:21	363	203	160
2018-9-2_16:36	361	205	156
2018-9-2_16:51	358	201	157
2018-9-2_17:06	366	214	152
2018-9-2_17:21	364	208	156
2018-9-2_17:36	369	211	158
2018-9-2_17:51	371	210	161
2018-9-2_18:06	378	214	164
2018-9-2_18:21	377	202	175
2018-9-2_18:36	381	208	173
2018-9-2_18:51	368	189	179
2018-9-2_19:06	352	174	178
2018-9-2_19:21	366	179	187
2018-9-2_19:36	359	179	180
2018-9-2_19:51	379	196	183
2018-9-2_20:06	377	202	175
2018-9-2_20:21	392	204	188
2018-9-2_20:36	390	208	182
2018-9-2_20:51	385	201	184
2018-9-2_21:06	394	204	190
2018-9-2_21:21	399	204	195
2018-9-2_21:36	402	203	199
2018-9-2_21:51	400	202	198
2018-9-2_22:06	397	199	198
2018-9-2_22:21	393	194	199
2018-9-2_22:36	385	186	199
2018-9-2_22:51	390	187	203
2018-9-2_23:06	393	186	207
2018-9-2_23:21	392	183	209
2018-9-2_23:36	387	176	211
2018-9-2_23:51	399	185	214
2018-9-3_0:06	406	191	215
2018-9-3_0:21	412	194	218
2018-9-3_0:36	410	192	218
2018-9-3_0:51	408	194	214
2018-9-3_1:06	399	187	212
2018-9-3_1:21	395	186	209
2018-9-3_1:36	390	183	207
2018-9-3_1:51	394	186	208
2018-9-3_2:06	391	179	212
2018-9-3_2:21	389	176	213
2018-9-3_2:36	392	180	212
2018-9-3_2:51	391	179	212
2018-9-3_3:06	394	185	209
2018-9-3_3:21	395	185	210
2018-9-3_3:36	396	186	210
2018-9-3_3:51	397	188	209
2018-9-3_4:06	397	188	209
2018-9-3_4:21	400	187	213
2018-9-3_4:36	386	174	212
2018-9-3_4:51	383	174	209
2018-9-3_5:06	377	168	209
2018-9-3_5:21	381	174	207
2018-9-3_5:36	382	173	209
2018-9-3_5:51	374	167	207
2018-9-3_6:06	373	167	206
2018-9-3_6:21	378	170	208
2018-9-3_6:36	375	164	211
2018-9-3_6:51	373	161	212
2018-9-3_7:06	385	170	215
2018-9-3_7:21	389	174	215
2018-9-3_7:36	395	178	217
2018-9-3_7:51	403	187	216
2018-9-3_8:06	399	184	215
2018-9-3_8:21	406	185	221
2018-9-3_8:36	401	186	215
2018-9-3_8:51	400	182	218
2018-9-3_9:06	403	185	218
2018-9-3_9:21	407	189	218
2018-9-3_9:36	411	189	222
2018-9-3_9:51	415	190	225
2018-9-3_10:06	412	188	224
2018-9-3_10:21	418	190	228
2018-9-3_10:36	422	191	231
2018-9-3_10:51	437	206	231
2018-9-3_11:06	455	219	236
2018-9-3_11:21	448	205	243
2018-9-3_11:36	468	224	244
2018-9-3_11:51	479	233	246
2018-9-3_12:06	473	238	235
2018-9-3_12:21	471	239	232
2018-9-3_12:36	462	231	231
2018-9-3_12:51	459	231	228
2018-9-3_13:06	447	233	214
2018-9-3_13:21	436	221	215
2018-9-3_13:36	430	220	210
2018-9-3_13:51	444	228	216
2018-9-3_14:06	312	95	217
