名称	道具种类	具体类别	详细类别	动画文件名	对应物件索引	宽度	高度	说明文字	五行属性	价格	等级	是否叠放	基础属性1类型	基础属性1最小值	基础属性1最大值	基础属性2类型	基础属性2最小值	基础属性2最大值	基础属性3类型	基础属性3最小值	基础属性3最大值	基础属性4类型	基础属性4最小值	基础属性4最大值	基础属性5类型	基础属性5最小值	基础属性5最大值	基础属性6类型	基础属性6最小值	基础属性6最大值	基础属性7类型	基础属性7最小值	基础属性7最大值	需求属性1类型	需求属性1数值	需求属性2类型	需求属性2数值	需求属性3类型	需求属性3数值	需求属性4类型	需求属性4数值	需求属性5类型	需求属性5数值	需求属性6类型	需求属性6数值	魔法属性索引1(0级)	魔法属性索引1(10级)	魔法属性索引2(0级)	魔法属性索引2(10级)	魔法属性索引3(0级)	魔法属性索引3(10级)	魔法属性索引4(0级)	魔法属性索引4(10级)	魔法属性索引5(0级)	魔法属性索引5(10级)	魔法属性索引6(0级)	魔法属性索引6(10级)	所在套装	6级技能ID	10级技能ID
[天赐的]梦龙之正黄僧帽	0	7	0	\spr\item\equip\cap\obj-ma-cap03-3.spr	28	2	2	白金装备	1	99999	10	0	30	360	360	31	85	85																36	120	32	160	39	0							2	616	624	624	46	591	311	598	599	601	450	450	1	768	798
[天赐的]梦龙之金丝正红袈裟	0	2	0	\spr\item\equip\armor\obj-ma-cloth03-3.spr	22	2	3	白金装备	2	99999	10	0	30	720	720	31	90	90																36	120	32	260	39	0							2	616	40	675	491	491	307	637	6	609	324	324	1	846	851
[天赐的]梦龙之玄丝法带	0	6	0	\spr\item\equip\sash\obj-sash06.spr	33	2	1	白金装备	0	99999	10	0	30	160	160	31	80	80																36	120	32	135	39	0							418	4	309	639	651	651	311	598	416	641	417	31	1	775	807
[天赐的]梦龙之佛法玄佩	0	9	1	\spr\item\equip\waist\obj-waist18.spr	36	1	2	白金装备	4	99999	10	0																						36	120	39	0									129	129	130	130	747	739	748	740	741	749			1	879	878
[天赐的]梦龙之达摩僧鞋	0	5	0	\spr\item\equip\boots\obj-shoes04.spr	26	2	2	白金装备	3	99999	10	0	30	160	160	31	80	80																36	120	32	135	39	0							2	2	104	104	6	6	311	311					1		
[天赐的]伏魔之紫金棍	0	0	2	\spr\item\equip\closeweapon\obj-staff15.spr	11	1	4	白金装备	0	99999	10	0	28	69	69	29	128	128	167	-10	-10	31	99	99										36	120	32	180	39	0							48	592	43	43	52	625	71	594	113	595	450	450	2	766	767
[天赐的]伏魔之玄黄袈裟	0	2	0	\spr\item\equip\armor\obj-ma-cloth03-2.spr	22	2	3	白金装备	4	99999	10	0	30	720	720	31	90	90																36	120	32	260	39	0							2	2	306	306	175	175	307	307					2		
[天赐的]伏魔之乌金软绦	0	6	0	\spr\item\equip\sash\obj-sash07.spr	33	2	1	白金装备	3	99999	10	0	30	160	160	31	80	80																36	120	32	135	39	0							418	4	309	639	652	652	311	598	416	641	417	31	2	776	808
[天赐的]伏魔之佛心软扣	0	9	1	\spr\item\equip\waist\obj-waist19.spr	36	1	2	白金装备	1	99999	10	0																						36	120	39	0									129	129	130	130	747	739	748	740	741	749			2	881	880
[天赐的]伏魔之普渡僧鞋	0	5	0	\spr\item\equip\boots\obj-shoes05.spr	26	2	2	白金装备	2	99999	10	0	30	160	160	31	80	80																36	120	32	135	39	0							2	616	325	325	320	588	88	419	6	609	437	309	2	848	852
[天赐的]四空之降魔戒刀	0	0	1	\spr\item\equip\closeweapon\obj-blade25.spr	10	1	4	白金装备	0	99999	10	0	28	40	40	29	114	114	167	-20	-20	31	99	99										36	120	32	135	39	0							2	616	43	43	48	592	71	593	113	595	450	450	3	766	767
[天赐的]四空之紫金袈裟	0	2	0	\spr\item\equip\armor\obj-ma-cloth03-1.spr	22	2	3	白金装备	4	99999	10	0	30	720	720	31	90	90																36	120	32	260	39	0							2	2	306	306	178	178	317	317					3		
[天赐的]四空之护法腰带	0	6	0	\spr\item\equip\sash\obj-sash08.spr	33	2	1	白金装备	3	99999	10	0	30	160	160	31	80	80																36	120	32	135	39	0							2	616	309	639	652	652	311	598	416	641	425	643	3	777	809
[天赐的]四空之软皮护腕	0	8	1	\spr\item\equip\bangle\obj-bangle18.spr	34	1	2	白金装备	1	99999	10	0	30	135	135	31	80	80																36	120	32	110	39	0							2	616	417	31	326	326	311	598	6	609	676	676	3	849	853
[天赐的]四空之戒律法戒	0	3	0	\spr\item\equip\ring\obj-ring06.spr	37	1	1	白金装备	2	99999	10	0																						36	120	39	0									129	129	130	130	747	739	748	740	741	749			3	883	882
[天赐的]撼天之金环大眼神锤	0	0	4	\spr\item\equip\closeweapon\obj-adha05.spr	13	2	2	白金装备	2	99999	10	0	28	55	55	29	165	165	167	-30	-30	31	99	99										36	120	32	235	39	1							135	135	50	599	46	592	69	593	110	111	73	73	4	766	767
[天赐的]撼天之武神镶金甲	0	2	4	\spr\item\equip\armor\obj-ma-cloth15-3.spr	25	2	3	白金装备	0	99999	10	0	30	720	720	31	90	90																36	120	32	260	39	1							2	2	306	306	180	180	311	311					4		
[天赐的]撼天之威武束腰环	0	6	1	\spr\item\equip\sash\obj-sash16.spr	33	2	1	白金装备	4	99999	10	0	30	160	160	31	80	80																36	120	32	135	39	1							2	616	309	639	653	653	311	598	416	641	647	647	4	779	811
[天赐的]撼天之虎头紧束腕	0	8	1	\spr\item\equip\bangle\obj-bangle18.spr	34	1	2	白金装备	3	99999	10	0	30	135	135	31	80	80																36	120	32	110	39	1							129	129	130	130	747	739	748	740	741	749			4	879	878
[天赐的]撼天之乘龙战靴	0	5	1	\spr\item\equip\boots\obj-shoes09.spr	26	2	2	白金装备	1	99999	10	0	30	160	160	31	80	80																36	120	32	135	39	1							2	616	320	588	677	677	419	638	319	678	679	679	4	846	855
[天赐的]继业之奔雷钻龙枪	0	0	3	\spr\item\equip\closeweapon\obj-spear05.spr	12	1	4	白金装备	2	99999	10	0	28	18	18	29	158	158	167	30	30	31	99	99										36	120	32	165	33	165	39	1					57	620	51	625	46	592	69	593	110	111	73	73	5	766	767
[天赐的]继业之玄武黄金铠	0	2	4	\spr\item\equip\armor\obj-ma-cloth15-3.spr	25	2	3	白金装备	0	99999	10	0	30	720	720	31	90	90																36	120	32	260	39	1							2	616	40	675	680	680	79	311	685	319	686	686	5	848	854
[天赐的]继业之白虎无双扣	0	6	1	\spr\item\equip\sash\obj-sash17.spr	33	2	1	白金装备	4	99999	10	0	30	160	160	31	80	80																36	120	32	135	39	1							2	616	309	639	654	654	311	598	416	641	647	647	5	778	810
[天赐的]继业之火云麒麟手	0	8	1	\spr\item\equip\bangle\obj-bangle19.spr	34	1	2	白金装备	3	99999	10	0	30	135	135	31	80	80																36	120	32	110	39	1							129	129	130	130	747	739	748	740	741	749			5	881	880
[天赐的]继业之朱雀凌云靴	0	5	1	\spr\item\equip\boots\obj-shoes10.spr	26	2	2	白金装备	1	99999	10	0	30	160	160	31	80	80																36	120	32	135	39	1							2	2	104	104	189	189	311	311	319	319	186	186	5		
[天赐的]御龙之亮银宝刀	0	0	1	\spr\item\equip\closeweapon\obj-blade25.spr	10	1	4	白金装备	2	99999	10	0	28	40	40	29	114	114	167	-20	-20	31	99	99										36	120	32	135	39	1							57	620	52	625	46	592	69	593	110	111	73	73	6	766	767
[天赐的]御龙之战神挂坠	0	4	1	\spr\item\equip\nick\obj-neck17.spr	36	2	1	白金装备	0	99999	10	0																						36	120	39	1									2	616	438	88	79	311	107	107	681	681	711	687	6	849	856
[天赐的]御龙之天门束腰环	0	6	1	\spr\item\equip\sash\obj-sash18.spr	33	2	1	白金装备	4	99999	10	0	30	160	160	31	80	80																36	120	32	135	39	1							2	616	309	639	655	655	311	598	416	641	647	647	6	780	812
[天赐的]御龙之迅风护腕	0	8	1	\spr\item\equip\bangle\obj-bangle20.spr	34	1	2	白金装备	3	99999	10	0	30	135	135	31	80	80																36	120	32	110	39	1							2	2	327	327	183	183	311	311	319	319	181	181	6		
[天赐的]御龙之绝命指环	0	3	0	\spr\item\equip\ring\obj-ring07.spr	37	1	1	白金装备	1	99999	10	0																						36	120	39	1									129	129	130	130	747	739	748	740	741	749			6	883	882
[天赐的]无间之倚天剑	0	0	0	\spr\item\equip\closeweapon\obj-sword25.spr	9	1	3	白金装备	0	99999	10	0	28	46	46	29	86	86	167	0	0	31	99	99										36	120	32	110	39	4							2	616	43	43	48	592	71	593	113	595	461	461	7	766	767
[天赐的]无间之清风缁衣	0	2	7	\spr\item\equip\armor\obj-fm-cloth03-2.spr	24	2	3	白金装备	4	99999	10	0	30	720	720	31	90	90																36	120	32	260	39	4							2	2	306	306	193	193	317	317					7		
[天赐的]无间之拂云丝带	0	6	0	\spr\item\equip\sash\obj-sash10.spr	33	2	1	白金装备	3	99999	10	0	30	160	160	31	80	80																36	120	32	135	39	4							418	4	309	639	656	656	307	637	6	609	425	643	7	786	818
[天赐的]无间之琴韵护腕	0	8	0	\spr\item\equip\bangle\obj-bangle10.spr	35	1	2	白金装备	1	99999	10	0	30	135	135	31	80	80																36	120	32	110	39	4							2	616	329	329	439	682	307	637	6	609	683	683	7	846	862
[天赐的]无间之白玉般指	0	3	0	\spr\item\equip\ring\obj-ring01.spr	37	1	1	白金装备	2	99999	10	0																						36	120	39	4									129	129	130	130	747	739	748	740	743	751			7	879	878
[天赐的]无魇之摩尼冠	0	7	7	\spr\item\equip\cap\obj-fm-cap03-2.spr	28	2	2	白金装备	2	99999	10	0	30	315	315	31	85	85																36	120	32	110	39	4							2	616	307	637	420	640	309	639	6	609	427	628	8	787	819
[天赐的]无魇之紫襟袈裟	0	2	7	\spr\item\equip\armor\obj-fm-cloth03-2.spr	22	2	3	白金装备	0	99999	10	0	30	630	630	31	90	90																36	120	32	135	39	4							2	2	306	306	6	6	317	317					8		
[天赐的]无魇之冰晶指环	0	3	0	\spr\item\equip\ring\obj-ring06.spr	37	1	1	白金装备	4	99999	10	0	31	80	80																			36	120	39	4									129	129	130	130	747	739	748	740	743	751			8	881	880
[天赐的]无魇之洗象玉扣	0	9	0	\spr\item\equip\waist\obj-waist10.spr	36	1	2	白金装备	1	99999	10	0	31	60	60																			36	120	39	4									146	632	304	304	57	621	322	313	498	498	499	499	8	769	801
[天赐的]无魇之红缁软N鞋	0	5	3	\spr\item\equip\boots\obj-shoes19.spr	27	2	2	白金装备	1	99999	10	0	30	140	140	31	80	80																36	120	32	110	39	4							146	717	320	588	684	684	88	419	8	612	330	330	8	848	863
[天赐的]无尘之玉女素心冠	0	7	7	\spr\item\equip\cap\obj-fm-cap03-2.spr	28	2	2	白金装备	3	99999	10	0	30	315	315	31	85	85																36	120	32	110	39	4							418	418	309	309	197	197	312	312	421	421	420	420	9		
[天赐的]无尘之清心向善珠	0	4	0	\spr\item\equip\nick\obj-neck10.spr	36	2	1	白金装备	1	99999	10	0																						36	120	39	4									2	2	88	88	331	331	95	95	8	8	107	107	9		
[天赐的]无尘之慈悲玉般指	0	3	0	\spr\item\equip\ring\obj-ring01.spr	37	1	1	白金装备	2	99999	10	0																						36	120	39	4									129	129	130	130	747	739	748	740	743	751			9	883	882
[天赐的]无尘之佛心慈佑腰配	0	9	0	\spr\item\equip\waist\obj-waist09.spr	36	1	2	白金装备	0	99999	10	0																						36	120	39	4									4	4	158	158	6	6	332	332					9		
[天赐的]无尘之佛光指环	0	3	0	\spr\item\equip\ring\obj-ring10.spr	37	1	1	白金装备	1	99999	10	0	31	80	80																			36	120	39	4									2	2	419	419	6	6	203	203	417	417	115	115	9		
[天赐的]栖凰之凤仪刀	0	0	1	\spr\item\equip\closeweapon\obj-blade25.spr	10	1	4	白金装备	0	99999	10	0	28	40	40	29	114	114	167	-20	-20	31	99	99										36	120	32	135	39	5							2	616	43	43	48	592	71	593	113	595	462	462	10	766	767
[天赐的]栖凰之慧心轻纱衣	0	2	18	\spr\item\equip\armor\obj-fm-cloth14-1.spr	24	2	3	白金装备	4	99999	10	0	30	720	720	31	90	90																36	120	32	260	39	5							2	2	306	306	207	207	317	317					10		
[天赐的]栖凰之风雪白云束带	0	6	0	\spr\item\equip\sash\obj-sash07.spr	32	2	1	白金装备	3	99999	10	0	30	160	160	31	80	80																36	120	32	135	39	5							2	616	309	639	657	657	307	637	6	609	426	644	10	788	820
[天赐的]栖凰之冰踪锦腕	0	8	0	\spr\item\equip\bangle\obj-bangle09.spr	35	1	2	白金装备	1	99999	10	0	30	135	135	31	80	80																36	120	32	110	39	5							2	616	333	333	439	682	307	637	6	609	688	688	10	846	864
[天赐的]栖凰之翠玉指环	0	3	0	\spr\item\equip\ring\obj-ring08.spr	37	1	1	白金装备	2	99999	10	0																						36	120	39	5									129	129	130	130	747	739	748	740	743	751			10	879	878
[天赐的]碧海之鸳鸯连环刀	0	0	5	\spr\item\equip\closeweapon\obj-adsd15.spr	14	2	3	白金装备	2	99999	10	0	28	62	62	29	92	92	167	20	20	31	99	99										36	120	32	160	39	5							4	619	304	304	465	465	148	633	8	612	462	462	11	770	802
[天赐的]碧海之环珠雨链	0	4	0	\spr\item\equip\nick\obj-neck09.spr	36	2	1	白金装备	0	99999	10	0																						36	120	39	5									2	2	95	95	6	6	107	107	88	88	211	211	11		
[天赐的]碧海之红铃金丝带	0	6	0	\spr\item\equip\sash\obj-sash06.spr	33	2	1	白金装备	4	99999	10	0	30	140	140	31	80	80																36	120	32	110	39	5							2	616	309	639	658	658	419	638	421	8	422	422	11	789	821
[天赐的]碧海之红铃波	0	9	0	\spr\item\equip\waist\obj-waist08.spr	36	1	2	白金装备	0	99999	10	0	31	60	60																			36	120	39	5									146	632	296	689	418	4	39	39	322	313	690	690	11	848	865
[天赐的]碧海之纤细指环	0	3	0	\spr\item\equip\ring\obj-ring09.spr	37	1	1	白金装备	1	99999	10	0																						36	120	39	5									129	129	130	130	747	739	748	740	743	751			11	881	880
[天赐的]幽胧之金蛇发带	0	7	2	\spr\item\equip\cap\obj-ma-cap08-3.spr	28	2	2	白金装备	1	99999	10	0	30	315	315	31	85	85																36	120	32	110	39	3							2	616	302	302	691	691	143	692	6	609	693	693	12	846	861
[天赐的]幽胧之赤蝎秘装	0	2	16	\spr\item\equip\armor\obj-ma-cloth08-3.spr	22	2	3	白金装备	2	99999	10	0	30	630	630	31	90	90																36	120	32	135	39	3							2	2	40	40	225	225	317	317	6	6	334	334	12		
[天赐的]幽胧之青蜈缠腰	0	6	1	\spr\item\equip\sash\obj-sash20.spr	32	2	1	白金装备	0	99999	10	0	30	140	140	31	80	80																36	120	32	110	39	3							2	616	309	639	659	659	307	637	6	609	423	642	12	785	817
[天赐的]幽胧之银蟾护手	0	8	1	\spr\item\equip\bangle\obj-bangle16.spr	34	1	2	白金装备	4	99999	10	0	30	111	111	31	80	80																36	120	32	90	39	3							129	129	130	130	747	739	748	740	742	750			12	879	878
[天赐的]幽胧之墨蛛软履	0	5	1	\spr\item\equip\boots\obj-shoes10.spr	26	2	2	白金装备	1	99999	10	0	30	140	140	31	60	60																36	120	32	50	39	3							1	615	127	589	60	622	103	587	614	613	508	508	12	771	803
[天赐的]冥幻之邪刹毒刃	0	0	1	\spr\item\equip\closeweapon\obj-blade25.spr	10	1	4	白金装备	2	99999	10	0	28	40	40	29	114	114	167	-20	-20	31	99	99										36	120	32	135	39	3							46	592	69	71	113	595	73	73	41	41	75	626	13	766	767
[天赐的]冥幻之幽蛊暗衣	0	2	16	\spr\item\equip\armor\obj-ma-cloth08-3.spr	22	2	3	白金装备	0	99999	10	0	30	720	720	31	90	90																36	120	32	260	39	3							418	694	336	336	306	695	307	637	6	609	417	31	13	848	860
[天赐的]冥幻之毒蝎指环	0	3	0	\spr\item\equip\ring\obj-ring08.spr	37	1	1	白金装备	4	99999	10	0																						36	120	39	3									129	129	130	130	747	739	748	740	742	750			13	881	880
[天赐的]冥幻之腐骨护腕	0	8	1	\spr\item\equip\bangle\obj-bangle17.spr	34	1	2	白金装备	3	99999	10	0	30	135	135	31	80	80																36	120	32	110	39	3							2	616	309	639	660	660	307	637	645	645	425	643	13	784	816
[天赐的]冥幻之双环蛇鞋	0	5	1	\spr\item\equip\boots\obj-shoes09.spr	26	2	2	白金装备	1	99999	10	0	30	160	160	31	80	80																36	120	32	135	39	3							2	2	104	104	335	335	336	336	6	6	231	231	13		
[天赐的]咒缚之破甲头环	0	7	2	\spr\item\equip\cap\obj-ma-cap08-3.spr	28	2	2	白金装备	4	99999	10	0	30	315	315	31	85	85																36	120	32	110	39	3							2	2	337	337	6	6	307	307	233	233	31	31	14		
[天赐的]咒缚之灭雷颈符	0	4	1	\spr\item\equip\nick\obj-neck17.spr	36	2	1	白金装备	3	99999	10	0																						36	120	39	3									2	2	93	93	234	234	95	95	8	8	107	107	14		
[天赐的]咒缚之幽幻指环	0	3	0	\spr\item\equip\ring\obj-ring06.spr	37	1	1	白金装备	1	99999	10	0																						36	120	39	3									129	129	130	130	747	739	748	740	742	750			14	883	882
[天赐的]咒缚之穿心毒腕	0	8	1	\spr\item\equip\bangle\obj-bangle18.spr	34	1	2	白金装备	2	99999	10	0	30	111	111	31	80	80																36	120	32	90	39	3							418	418	309	309	161	161	312	312	421	421	423	423	14		
[天赐的]咒缚之冰火蚀骨靴	0	5	0	\spr\item\equip\boots\obj-shoes05.spr	26	2	2	白金装备	0	99999	10	0	30	140	140	31	80	80																36	120	32	110	39	3							2	2	104	104	236	236	27	27	6	6	235	235	14		
[天赐的]冰寒之弹指飞刀	0	1	1	\spr\item\equip\rangeweapon\obj-adart28.spr	15	1	1	白金装备	0	99999	10	0	28	44	44	29	100	100	167	-20	-20	31	99	99										36	120	32	90	33	110	39	2					2	617	44	44	46	592	69	593	113	595	471	471	15	766	767
[天赐的]冰寒之玄衣束甲	0	2	3	\spr\item\equip\armor\obj-ma-cloth11-3.spr	23	2	3	白金装备	4	99999	10	0	30	720	720	31	90	90																36	120	32	110	33	165	39	2					418	694	338	338	306	695	307	637	6	609	696	696	15	846	857
[天赐的]冰寒之心箭腰扣	0	6	0	\spr\item\equip\sash\obj-sash10.spr	32	2	1	白金装备	3	99999	10	0	30	160	160	31	80	80																36	120	32	90	33	110	39	2					418	4	309	639	661	661	307	637	6	609	423	642	15	781	813
[天赐的]冰寒之玄天冰火佩	0	9	1	\spr\item\equip\waist\obj-waist12.spr	36	1	2	白金装备	1	99999	10	0																						36	120	39	2									129	129	130	130	747	739	748	740	742	750			15	879	878
[天赐的]冰寒之月影靴	0	5	0	\spr\item\equip\boots\obj-shoes04.spr	26	2	2	白金装备	2	99999	10	0	30	160	160	31	80	80																36	120	32	90	33	110	39	2					2	2	104	104	214	214	338	338	6	6	213	213	15		
[天赐的]天光之花雨漫天	0	1	2	\spr\item\equip\rangeweapon\obj-adart29.spr	17	2	2	白金装备	0	99999	10	0	28	46	46	29	102	102	167	0	0	31	99	99										36	120	32	65	33	230	39	2					8	611	43	43	48	592	71	594	113	595	471	471	16	766	767
[天赐的]天光之定心凝神符	0	4	1	\spr\item\equip\nick\obj-neck18.spr	36	2	1	白金装备	4	99999	10	0																						36	120			39	2							2	616	317	307	661	661	107	107	8	697	698	698	16	848	859
[天赐的]天光之森罗束腰	0	6	0	\spr\item\equip\sash\obj-sash09.spr	32	2	1	白金装备	3	99999	10	0	30	111	111	31	80	80																36	120	32	90	33	110	39	2					2	616	309	639	662	662	307	637	6	609	425	643	16	782	815
[天赐的]天光之风暴寒铁镯	0	8	1	\spr\item\equip\bangle\obj-bangle17.spr	34	1	2	白金装备	1	99999	10	0	30	135	135	31	80	80																36	120	32	75	33	90	39	2					2	2	339	339	437	437	317	317	6	6	216	216	16		
[天赐的]天光之束天缚地环	0	3	0	\spr\item\equip\ring\obj-ring10.spr	37	1	1	白金装备	2	99999	10	0																						36	120			39	2							129	129	130	130	747	739	748	740	742	750			16	881	880
[天赐的]森荒之飞星夺魂	0	1	0	\spr\item\equip\rangeweapon\obj-adart27.spr	15	1	1	白金装备	0	99999	10	0	28	42	42	29	98	98	167	0	0	31	99	99										36	120	32	90	33	110	39	2					4	618	43	43	48	592	71	594	113	595	471	471	17	766	767
[天赐的]森荒之金钱连环甲	0	2	3	\spr\item\equip\armor\obj-ma-cloth11-3.spr	22	2	3	白金装备	4	99999	10	0	30	720	720	31	90	90																36	120	32	110	33	165	39	2					4	4	306	306	212	212	317	317					17		
[天赐的]森荒之魂咬腰束	0	6	0	\spr\item\equip\sash\obj-sash08.spr	32	2	1	白金装备	3	99999	10	0	30	160	160	31	80	80																36	120	32	90	33	110	39	2					418	4	309	639	663	663	307	637	6	609	423	642	17	783	814
[天赐的]森荒之玄铁镶玉佩	0	9	1	\spr\item\equip\waist\obj-waist11.spr	34	1	2	白金装备	1	99999	10	0																						36	120	39	2									129	129	130	130	747	739	748	740	742	750			17	883	882
[天赐的]森荒之星陨飞履	0	5	1	\spr\item\equip\boots\obj-shoes10.spr	26	2	2	白金装备	2	99999	10	0	30	160	160	31	80	80																36	120	32	90	33	110	39	2					418	694	340	340	320	588	307	637	6	609	698	698	17	849	858
[天赐的]地魄之五行连环冠	0	7	3	\spr\item\equip\cap\obj-ma-cap12-3.spr	28	2	2	白金装备	4	99999	10	0	30	315	315	31	85	85																36	120	32	110	39	2							418	418	341	341	437	437	307	307	6	6	224	224	18		
[天赐的]地魄之黑焰冲天链	0	4	1	\spr\item\equip\nick\obj-neck19.spr	36	2	1	白金装备	3	99999	10	0																						36	120	39	2									1	1	222	222	221	221	95	95	8	8	107	107	18		
[天赐的]地魄之霹雳雷火戒	0	3	0	\spr\item\equip\ring\obj-ring09.spr	37	1	1	白金装备	1	99999	10	0																						36	120	39	2									129	129	130	130	747	739	748	740	742	750			18	885	884
[天赐的]地魄之扣心镯	0	8	1	\spr\item\equip\bangle\obj-bangle19.spr	34	1	2	白金装备	2	99999	10	0	30	111	111	31	80	80																36	120	32	90	39	2							418	418	309	309	223	223	307	307	6	6	423	423	18		
[天赐的]地魄之地行千里靴	0	5	1	\spr\item\equip\boots\obj-shoes09.spr	26	2	2	白金装备	0	99999	10	0	30	140	140	31	80	80																36	120	32	110	39	2							2	2	104	104	163	163	224	224	6	6			18		
[天赐的]同仇之飞龙头环	0	7	5	\spr\item\equip\cap\obj-ma-cap18-3.spr	28	2	2	白金装备	3	99999	10	0	30	315	315	31	85	85																36	120	32	110	39	6							2	2	342	342	237	237	312	312	6	6			19		
[天赐的]同仇之降龙丐衣	0	2	5	\spr\item\equip\armor\obj-ma-cloth18-3.spr	22	2	3	白金装备	1	99999	10	0	30	500	500	31	80	80																36	120	32	110	39	6							585	423	438	88	5	608	39	584	630	631	515	515	19	772	804
[天赐的]同仇之潜龙腰带	0	6	0	\spr\item\equip\sash\obj-sash06.spr	32	2	1	白金装备	2	99999	10	0	30	140	140	31	80	80																36	120	32	110	39	6							2	616	312	596	664	664	309	639	6	609	420	640	19	793	825
[天赐的]同仇之亢龙护手	0	8	1	\spr\item\equip\bangle\obj-bangle16.spr	34	1	2	白金装备	0	99999	10	0	30	111	111	31	80	80																36	120	32	90	39	6							2	616	304	304	699	699	151	631	8	611	472	472	19	846	869
[天赐的]同仇之见龙扳指	0	3	0	\spr\item\equip\ring\obj-ring07.spr	37	1	1	白金装备	4	99999	10	0																						36	120	39	6									129	129	130	130	747	739	748	740	744	752			19	879	878
[天赐的]敌忾之绿玉杖	0	0	2	\spr\item\equip\closeweapon\obj-staff15.spr	11	1	4	白金装备	2	99999	10	0	28	69	69	29	128	128	167	-10	-10	31	99	99										36	120	32	180	39	6							46	592	69	593	113	595	73	73	42	42	472	472	20	766	767
[天赐的]敌忾之九袋丐衣	0	2	5	\spr\item\equip\armor\obj-ma-cloth18-3.spr	22	2	3	白金装备	0	99999	10	0	30	720	720	31	90	90																36	120	32	260	39	6							2	2	306	306	242	242	312	312	6	6	289	289	20		
[天赐的]敌忾之缠莽腰带	0	6	0	\spr\item\equip\sash\obj-sash05.spr	33	2	1	白金装备	4	99999	10	0	30	160	160	31	80	80																36	120	32	135	39	6							2	616	309	639	665	665	312	596	6	609	343	343	20	792	824
[天赐的]敌忾之狗脊皮护腕	0	8	1	\spr\item\equip\bangle\obj-bangle17.spr	34	1	2	白金装备	3	99999	10	0	30	140	140	31	80	80																36	120	32	110	39	6							2	617	423	642	700	700	312	596	6	609	420	640	20	848	868
[天赐的]敌忾之草间石戒	0	3	0	\spr\item\equip\ring\obj-ring08.spr	37	1	1	白金装备	1	99999	10	0																						36	120	39	6									129	129	130	130	747	739	748	740	744	752			20	881	880
[天赐的]魔煞之鬼谷幽冥枪	0	0	3	\spr\item\equip\closeweapon\obj-spear05.spr	12	1	4	白金装备	2	99999	10	0	28	18	18	29	158	158	167	30	30	31	99	99										36	120	32	165	33	165	39	7					46	592	69	593	51	625	73	73	43	43	473	473	21	766	767
[天赐的]魔煞之残阳映血甲	0	2	16	\spr\item\equip\armor\obj-ma-cloth09-3.spr	23	2	3	白金装备	0	99999	10	0	30	720	720	31	90	90																36	120	32	210	39	7							4	701	306	695	423	642	419	638	421	702	703	703	21	846	866
[天赐的]魔煞之赤骥锁腰扣	0	6	1	\spr\item\equip\sash\obj-sash16.spr	33	2	1	白金装备	4	99999	10	0	30	160	160	31	80	80																36	120	32	135	39	7							418	4	309	639	417	31	312	596	6	609	344	344	21	790	822
[天赐的]魔煞之举火燎天腕	0	8	1	\spr\item\equip\bangle\obj-bangle20.spr	34	1	2	白金装备	3	99999	10	0	30	135	135	31	80	80																36	120	32	110	39	7							4	4	344	344	248	248	85	85	6	6	246	246	21		
[天赐的]魔煞之云龙吐珠戒	0	3	0	\spr\item\equip\ring\obj-ring09.spr	37	1	1	白金装备	1	99999	10	0																						36	120	39	7									129	129	130	130	747	739	748	740	744	752			21	879	878
[天赐的]魔煌之金甲盔	0	7	2	\spr\item\equip\cap\obj-ma-cap09-3.spr	28	2	2	白金装备	0	99999	10	0	30	315	315	31	85	85																36	120	32	110	39	7							2	2	346	346	257	257	312	312	6	6	166	166	22		
[天赐的]魔煌之按出虎项圈	0	4	1	\spr\item\equip\nick\obj-neck16.spr	36	2	1	白金装备	4	99999	10	0	31	60	60																			36	120	39	7									1	1	60	60	62	62	95	95	87	87	107	107	22		
[天赐的]魔煌之溪谷束腰带	0	6	1	\spr\item\equip\sash\obj-sash18.spr	32	2	1	白金装备	3	99999	10	0	30	140	140	31	80	80																36	120	32	110	39	7							2	2	309	639	254	254	312	596	6	6	420	420	22		
[天赐的]魔煌之血衣兽镯	0	8	1	\spr\item\equip\bangle\obj-bangle18.spr	34	1	2	白金装备	1	99999	10	0	30	111	111	31	80	80																36	120	32	90	39	7							129	129	130	130	747	739	748	740	744	752			22	881	880
[天赐的]魔煌之蹬踏靴	0	5	0	\spr\item\equip\boots\obj-shoes04.spr	26	2	2	白金装备	2	99999	10	0	30	140	140	31	80	80																36	120	32	110	39	7							4	4	320	320	255	255	312	312	6	6	256	256	22		
[天赐的]魔嗜之烈焰冠冕	0	7	2	\spr\item\equip\cap\obj-ma-cap09-3.spr	28	2	2	白金装备	3	99999	10	0	30	315	315	31	85	85																36	120	32	110	39	7							2	616	345	345	423	642	307	637	6	609	704	704	23	848	867
[天赐的]魔嗜之厉魔噬心链	0	4	1	\spr\item\equip\nick\obj-neck16.spr	36	2	1	白金装备	1	99999	10	0																						36	120	39	7									2	2	317	317	8	8	107	107					23		
[天赐的]魔嗜之业火幽冥戒	0	3	0	\spr\item\equip\ring\obj-ring03.spr	37	1	1	白金装备	2	99999	10	0																						36	120	39	7									129	129	130	130	747	739	748	740	744	752			23	883	882
[天赐的]魔嗜之血玉七杀佩	0	9	1	\spr\item\equip\waist\obj-waist13.spr	34	1	2	白金装备	0	99999	10	0																						36	120	39	7									2	616	309	639	666	666	311	598	6	609	420	640	23	791	823
[天赐的]魔嗜之山海飞鸿履	0	5	0	\spr\item\equip\boots\obj-shoes05.spr	26	2	2	白金装备	4	99999	10	0	30	140	140	31	80	80																36	120	32	110	39	7							2	616	320	588	521	521	312	596	630	631	522	522	23	773	805
[天赐的]凌岳之太极剑	0	0	0	\spr\item\equip\closeweapon\obj-sword25.spr	9	1	3	白金装备	4	99999	10	0	28	46	46	29	86	86	167	0	0	31	99	99										36	120	32	80	39	8							2	616	152	634	6	609	311	598	423	31	474	474	24	774	806
[天赐的]凌岳之无我道袍	0	2	15	\spr\item\equip\armor\obj-ma-cloth06-3.spr	24	2	3	白金装备	3	99999	10	0	30	630	630	31	90	90																36	120	32	130	39	8							2	2	306	306	263	263	313	313	6	6	285	285	24		
[天赐的]凌岳之怒雷法戒	0	3	0	\spr\item\equip\ring\obj-ring09.spr	37	1	1	白金装备	1	99999	10	0																						36	120	39	8									2	616	309	639	667	667	313	597	6	609	417	31	24	795	827
[天赐的]凌岳之无极玄玉佩	0	9	1	\spr\item\equip\waist\obj-waist20.spr	36	1	2	白金装备	2	99999	10	0																						36	120	39	8									2	616	347	347	524	524	313	597	715	716	526	526	24	847	871
[天赐的]凌岳之天地玄黄戒	0	3	0	\spr\item\equip\ring\obj-ring10.spr	37	1	1	白金装备	0	99999	10	0																						36	120	39	8									129	129	130	130	747	739	748	740	745	753			24	879	878
[天赐的]及丰之真武剑	0	0	0	\spr\item\equip\closeweapon\obj-sword25.spr	9	1	3	白金装备	2	99999	10	0	28	46	46	29	86	86	167	0	0	31	99	99										36	120	32	135	39	8							46	592	69	593	51	601	73	73	43	43	474	474	25	766	767
[天赐的]及丰之三清符	0	4	1	\spr\item\equip\nick\obj-neck17.spr	36	2	1	白金装备	0	99999	10	0	31	60	60																			36	120	39	8									2	616	710	92	62	705	95	96	89	706	107	107	25	850	870
[天赐的]及丰之玄丝三段锦	0	6	0	\spr\item\equip\sash\obj-sash10.spr	32	2	1	白金装备	4	99999	10	0	30	140	140	31	80	80																36	120	32	110	39	8							2	616	309	639	668	668	307	637	421	8	425	643	25	794	826
[天赐的]及丰之翠玉玄黄佩	0	9	1	\spr\item\equip\waist\obj-waist20.spr	36	1	2	白金装备	3	99999	10	0																						36	120	39	8									2	2	348	348	258	258	313	313	6	6	260	260	25		
[天赐的]及丰之青松法戒	0	3	0	\spr\item\equip\ring\obj-ring06.spr	37	1	1	白金装备	1	99999	10	0																						36	120	39	8									129	129	130	130	747	739	748	740	745	753			25	881	880
[天赐的]霜晶之千年寒铁	0	0	1	\spr\item\equip\closeweapon\obj-blade25.spr	10	1	4	白金装备	2	99999	10	0	28	40	40	29	114	114	167	-20	-20	31	99	99										36	120	32	135	39	9							113	595	69	593	46	592	73	73	43	43	476	476	26	766	767
[天赐的]霜晶之傲霜道袍	0	2	15	\spr\item\equip\armor\obj-ma-cloth05-3.spr	24	2	3	白金装备	0	99999	10	0	30	720	720	31	90	90																36	120	32	260	39	9							4	4	306	306	267	267	317	317	6	6	278	278	26		
[天赐的]霜晶之清风缕带	0	6	0	\spr\item\equip\sash\obj-sash10.spr	33	2	1	白金装备	4	99999	10	0	30	160	160	31	80	80																36	120	32	135	39	9							418	4	309	639	669	669	307	637	6	609	417	31	26	797	829
[天赐的]霜晶之天清冰晶手	0	8	1	\spr\item\equip\bangle\obj-bangle20.spr	34	1	2	白金装备	3	99999	10	0	30	140	140	31	80	80																36	120	32	110	39	9							2	616	349	349	707	707	313	597	6	609	708	708	26	846	873
[天赐的]霜晶之风暴指环	0	3	0	\spr\item\equip\ring\obj-ring07.spr	37	1	1	白金装备	1	99999	10	0																						36	120	39	9									129	129	130	130	747	739	748	740	745	753			26	879	878
[天赐的]雷穹之寒松冰柏冠	0	7	1	\spr\item\equip\cap\obj-ma-cap05-2.spr	28	2	2	白金装备	4	99999	10	0	30	315	315	31	85	85																36	120	32	110	39	9							418	618	304	304	152	627	313	597	6	610	623	623	27	774	806
[天赐的]雷穹之天地护符	0	4	1	\spr\item\equip\nick\obj-neck18.spr	36	2	1	白金装备	3	99999	10	0																						36	120	39	9									4	701	95	96	26	709	107	107	322	313	528	528	27	848	872
[天赐的]雷穹之风雷青锦带	0	6	0	\spr\item\equip\sash\obj-sash09.spr	32	2	1	白金装备	1	99999	10	0	30	140	140	31	80	80																36	120	32	110	39	9							418	4	309	639	670	670	424	646	6	609	417	31	27	796	828
[天赐的]雷穹之灵玉蕴雷	0	9	1	\spr\item\equip\waist\obj-waist19.spr	36	1	2	白金装备	2	99999	10	0																						36	120	39	9									2	2	350	350	275	275	273	273					27		
[天赐的]雷穹之九天引雷戒	0	3	0	\spr\item\equip\ring\obj-ring08.spr	37	1	1	白金装备	0	99999	10	0																						36	120	39	9									129	129	130	130	747	739	748	740	745	753			27	881	880
[天赐的]雾幻之北冥道冠	0	7	1	\spr\item\equip\cap\obj-ma-cap05-2.spr	28	2	2	白金装备	0	99999	10	0	30	315	315	31	85	85																36	120	32	110	39	9							4	4	271	271	351	351	313	313	6	6	352	352	28		
[天赐的]雾幻之羁绊符咒	0	4	1	\spr\item\equip\nick\obj-neck20.spr	36	2	1	白金装备	4	99999	10	0																						36	120	39	9									2	2	313	313	169	169	95	95	8	8	107	107	28		
[天赐的]雾幻之束心指环	0	3	0	\spr\item\equip\ring\obj-ring05.spr	37	1	1	白金装备	3	99999	10	0																						36	120	39	9									129	129	130	130	747	739	748	740	745	753			28	883	882
[天赐的]雾幻之清影玄玉佩	0	9	1	\spr\item\equip\waist\obj-waist18.spr	36	1	2	白金装备	1	99999	10	0																						36	120	39	9									418	418	309	309	353	353	307	307	6	6	417	417	28		
[天赐的]雾幻之松风雪影靴	0	5	0	\spr\item\equip\boots\obj-shoes05.spr	26	2	2	白金装备	2	99999	10	0	30	140	140	31	80	80																36	120	32	110	39	9							418	418	354	354	320	320	88	88	6	6	423	423	28		
雅典之魂	0	3	0	\spr\item\equip\ring\obj-ring09.spr	37	1	1	<color=Yellow>向在雅典盛会上为国争光的运动健儿们致以最崇高的敬意！<color>	2	99999	10	0																						36	60											129		130										29		
北京之梦	0	3	0	\spr\item\equip\ring\obj-ring10.spr	37	1	1	<color=Yellow>北京-2008-绚烂的舞台-让我们携起手来共创辉煌！<color>	3	99999	10	0																						36	60											129		130										29		
洞察之白金雕龙戒	0	3	0	\spr\item\equip\ring\obj-ring06.spr	37	1	1	黄金装备	3	99999	10	0	31	60	60																			36	85											53		6		301		2		11		100		30		
洞察之白玉乾坤佩	0	9	1	\spr\item\equip\waist\obj-waist20.spr	36	1	2	黄金装备	4	99999	10	0	31	60	60																			36	80											65		6		298		2		11		100		30		
洞察之白金锈凤戒	0	3	0	\spr\item\equip\ring\obj-ring06.spr	37	1	1	黄金装备	0	99999	10	0	31	60	60																			36	85											53		6		301		2		11		100		30		
洞察之翡翠玉项圈	0	4	1	\spr\item\equip\nick\obj-neck20.spr	36	2	1	黄金装备	2	99999	10	0	31	60	60																			36	85											65		6		298		2		11		100		30		
定业头冠	0	7	6	\spr\item\equip\cap\obj-ma-cap20-3.spr	28	2	2	黄金装备	0	99999	10	0	30	310	310	31	60	60																36	90																							31		
定业战袍	0	2	20	\spr\item\equip\armor\obj-ma-cloth20-3.spr	22	2	3	黄金装备	4	99999	10	0	30	630	630	31	60	60																36	90																							31		
定业腰带	0	6	1	\spr\item\equip\sash\obj-sash20.spr	33	2	1	黄金装备	3	99999	10	0	30	140	140	31	60	60																36	90																							31		
定业护腕	0	8	1	\spr\item\equip\bangle\obj-bangle20.spr	34	1	2	黄金装备	1	99999	10	0	30	115	115	31	60	60																36	90																							31		
定业战靴	0	5	1	\spr\item\equip\boots\obj-shoes10.spr	26	2	2	黄金装备	2	99999	10	0	30	140	140	31	60	60																36	90																							31		
定业扳指	0	3	0	\spr\item\equip\ring\obj-ring08.spr	37	1	1	黄金装备	2	99999	10	0	31	60	60																			36	90																							31		
定国头冠	0	7	4	\spr\item\equip\cap\obj-ma-cap15-3.spr	31	2	2	黄金装备	0	99999	10	0	30	350	350	31	60	60																36	99																							32		
定国战袍	0	2	18	\spr\item\equip\armor\obj-ma-cloth14-1.spr	23	2	3	黄金装备	4	99999	10	0	30	720	720	31	60	60																36	99																							32		
定国腰箍	0	6	0	\spr\item\equip\sash\obj-sash10.spr	33	2	1	黄金装备	3	99999	10	0	30	160	160	31	60	60																36	99																							32		
定国护腕	0	8	1	\spr\item\equip\bangle\obj-bangle19.spr	34	1	2	黄金装备	1	99999	10	0	30	135	135	31	60	60																36	99																							32		
定国战靴	0	5	1	\spr\item\equip\boots\obj-shoes09.spr	26	2	2	黄金装备	2	99999	10	0	30	160	160	31	60	60																36	99																							32		
定国扳指	0	3	0	\spr\item\equip\ring\obj-ring09.spr	37	1	1	黄金装备	2	99999	10	0	31	60	60																			36	99																							32		
定国之青纱长衫	0	2	3	\Spr\item\equip\armor\obj-ma-cloth11-3.spr	22	2	3	黄金装备	0	99999	8	0	30	630	630	31	80	80																36	85											306		2										33		
定国之钨砂发冠	0	7	3	\Spr\item\equip\cap\obj-ma-cap12-1.spr	28	2	2	黄金装备	2	99999	9	0	30	260	260	31	70	70																36	75											1		307										33		
定国之赤绢软靴	0	5	1	\Spr\item\equip\boots\obj-shoes06.spr	26	2	2	黄金装备	1	99999	8	0	30	140	140	31	70	70																36	80											308		2										33		
定国之紫藤护腕	0	8	1	\Spr\item\equip\bangle\obj-bangle13.spr	34	1	2	黄金装备	3	99999	8	0	30	111	111	31	60	60																36	75											1		309										33		
定国之银蚕腰带	0	6	1	\Spr\item\equip\sash\obj-sash17.spr	33	2	1	黄金装备	4	99999	8	0	30	140	140	31	60	60																36	75											1		28										33		
安邦之冰晶石项链	0	4	0	\Spr\item\equip\nick\obj-neck07.spr	36	2	1	黄金装备	4	99999	10	0																						36	85											310												34		
安邦之菊花石指环	0	3	0	\Spr\item\equip\ring\obj-ring07.spr	37	1	1	黄金装备	2	99999	8	0																						36	80											6		312										34		
安邦之田黄石玉佩	0	9	1	\Spr\item\equip\waist\obj-waist18.spr	36	1	2	黄金装备	1	99999	8	0																						36	75											6		313										34		
安邦之鸡血石戒指	0	3	0	\Spr\item\equip\ring\obj-ring06.spr	37	1	1	黄金装备	3	99999	8	0																						36	80											6		311										34		
天煌龙器之龙抬头	0	7	4	\spr\item\equip\cap\obj-ma-cap08-3.spr	28	2	2	黄金装备	2	99999	6	0	30	315	315	31	75	75																36	60											2		316										35		
天煌龙器之白龙息	0	2	18	\spr\item\equip\armor\obj-ma-cloth13-3.spr	22	2	3	黄金装备	0	99999	6	0	30	630	630	31	80	80																36	60											2		316										35		
天煌龙器之镇冥之链	0	4	1	\spr\item\equip\nick\obj-neck13.spr	36	2	1	黄金装备	1	99999	6	0																						36	60											6		316										35		
天煌龙器之九现之指	0	3	0	\Spr\item\equip\ring\obj-ring08.spr	37	1	1	黄金装备	2	99999	6	0																						36	60											6		316										35		
天煌龙器之玉逍遥	0	6	1	\Spr\item\equip\sash\obj-sash20.spr	33	2	1	黄金装备	4	99999	6	0	30	140	140	31	70	70																36	60											2		316										35		
天煌龙器之黄金鳞	0	8	1	\Spr\item\equip\bangle\obj-bangle20.spr	34	1	2	黄金装备	3	99999	6	0	30	111	111	31	70	70																36	60											2		316										35		
天煌龙器之磐龙瑰	0	9	1	\Spr\item\equip\waist\obj-waist16.spr	36	1	2	黄金装备	0	99999	6	0																						36	60											6		316										35		
天煌龙器之龙哭千里	0	5	1	\Spr\item\equip\boots\obj-shoes07.spr	26	2	2	黄金装备	4	99999	6	0	30	140	140	31	75	75																36	60											2		316										35		
天煌龙器之怒龙之瞳	0	3	0	\Spr\item\equip\ring\obj-ring09.spr	37	1	1	黄金装备	1	99999	6	0																						36	60											6		316										35		
金枫之青阳盔	0	7	4	\spr\item\equip\cap\obj-ma-cap13-2.spr	28	2	2	黄金装备	2	99999	5	0	30	315	315	31	75	75																36	40											2		358		6								36		
金枫之麒麟血	0	2	18	\spr\item\equip\armor\obj-ma-cloth14-1.spr	22	2	3	黄金装备	0	99999	5	0	30	630	630	31	80	80																36	40											2		37		6								36		
金枫之濯之链光	0	4	1	\spr\item\equip\nick\obj-neck19.spr	36	2	1	黄金装备	1	99999	5	0																						36	30											366		355		368								36		
金枫之公谨三叹	0	3	0	\spr\item\equip\ring\obj-ring07.spr	37	1	1	黄金装备	2	99999	5	0																						36	40											367		318		368								36		
金枫之夺魂玉带	0	6	1	\spr\item\equip\sash\obj-sash09.spr	33	2	1	黄金装备	4	99999	5	0	30	140	140	31	70	70																36	50											314		365		363								36		
金枫之后羿引弓	0	8	1	\spr\item\equip\bangle\obj-bangle20.spr	34	1	2	黄金装备	3	99999	5	0	30	111	111	31	70	70																36	50											314		359		363								36		
金枫之兰亭玉	0	9	1	\spr\item\equip\waist\obj-waist17.spr	36	1	2	黄金装备	0	99999	5	0																						36	40											367		361		368								36		
金枫之千里草上飞	0	5	1	\spr\item\equip\boots\obj-shoes05.spr	26	2	2	黄金装备	4	99999	5	0	30	140	140	31	75	75																36	30											2		360		364								36		
金枫之铜雀春深	0	3	0	\Spr\item\equip\ring\obj-ring06.spr	37	1	1	黄金装备	1	99999	5	0																						36	60											367		356		368								36		
侠骨之铁血衫	0	2	3	\spr\item\equip\armor\obj-ma-cloth11-3.spr	22	2	3	黄金装备	2	99999	5	0	30	360	360	31	60	60																36	40	32	50	33	50			38	0			2		306										37		
侠骨之多情环	0	4	1	\spr\item\equip\nick\obj-neck14.spr	36	2	1	黄金装备	2	99999	5	0																						36	35	38	0									6		26		2								37		
侠骨之丹心戒	0	3	0	\spr\item\equip\ring\obj-ring06.spr	37	1	1	黄金装备	0	99999	5	0																						36	45	38	0									55												37		
侠骨之情意结	0	9	1	\spr\item\equip\waist\obj-waist13.spr	36	1	2	黄金装备	4	99999	5	0																						36	50	38	0									3		84		366								37		
柔情之巾帼霓裳	0	2	11	\spr\item\equip\armor\obj-fm-cloth14-3.spr	25	2	3	黄金装备	0	99999	5	0	30	360	360	31	60	60																36	40	32	50	33	50			38	1			2		91		130								38		
柔情之淑女项链	0	4	0	\spr\item\equip\nick\obj-neck07.spr	36	2	1	黄金装备	0	99999	5	0																						36	35	38	1									6		34										38		
柔情之凤仪戒指	0	3	0	\spr\item\equip\ring\obj-ring08.spr	37	1	1	黄金装备	4	99999	5	0																						36	45	38	1									63												38		
柔情之慧心玉佩	0	9	0	\spr\item\equip\waist\obj-waist16.spr	36	1	2	黄金装备	3	99999	5	0																						36	50	38	1									1		95										38		
大马虎之摘星环	0	7	5	\spr\item\equip\cap\obj-ma-cap18-3.spr	28	2	2	黄金装备	3	99999	10	0	30	250	250	31	30	30																36	60	32	165	33	65							398		378		399		400		401		402		39		
大马虎之唐猊甲	0	2	4	\spr\item\equip\armor\obj-ma-cloth15-3.spr	22	2	3	黄金装备	2	99999	10	0	30	630	630	31	93	93																36	60	32	260									403		388		404		405		406				39		
大马虎之绿翡翠护身符	0	4	1	\spr\item\equip\nick\obj-neck20.spr	26	2	1	黄金装备	2	99999	10	0																						36	60											373		374		375		376						39		
大马虎之北京之梦	0	3	0	\spr\item\equip\ring\obj-ring10.spr	37	1	1	黄金装备	3	99999	10	0																						36	60											129		130										39		
大马虎之白金腰带	0	6	1	\spr\item\equip\sash\obj-sash20.spr	33	2	1	黄金装备	2	99999	10	0	30	140	140	31	15	15																36	60	32	164									407		388		399		405		408		413		39		
大马虎之天蚕护腕	0	8	1	\spr\item\equip\bangle\obj-bangle20.spr	34	1	2	黄金装备	3	99999	10	0	30	111	111	31	20	20																36	60	32	100									409		378		399		400		410				39		
大马虎之五色玉佩	0	9	1	\spr\item\equip\waist\obj-waist15.spr	36	1	2	黄金装备	3	99999	5	0																						36	27											384		385		386								39		
大马虎之天蚕靴	0	5	1	\spr\item\equip\boots\obj-shoes10.spr	26	2	2	黄金装备	2	99999	10	0	30	140	140	31	20	20																36	62	32	164									411		388		404		405		412				39		
大马虎之雅典之魂	0	3	0	\spr\item\equip\ring\obj-ring09.spr	37	1	1	黄金装备	2	99999	10	0																						36	60											129		130										39		
大马虎之奔雷钻龙枪	0	0	3	\spr\item\equip\closeweapon\obj-spear04.spr	12	1	4	黄金装备	2	99999	10	0	28	18	18	29	158	158	167	30	30	31	99	99										36	99	32	165	33	165	39	1					392		393		394		395		396		397		39		
鸿影之沈园晚醉	0	4	1	\spr\item\equip\nick\obj-neck09.spr	26	2	1	宋代大贾沈氏的传家之宝，以沈家世代居住的庄园为名，其光灼然不可逼视。	1	99999	10	0																						36	0											415		414										40		
鸿影之剑挂西方	0	3	0	\spr\item\equip\ring\obj-ring01.spr	37	1	1	宋高宗十三道金牌令箭招杀岳飞于风波亭。一位逃出来的副将带着这枚戒指亡命江湖。	2	99999	10	0																						36	0											314		414		6								40		
鸿影之苜蓿相忘	0	3	0	\spr\item\equip\ring\obj-ring02.spr	37	1	1	朋友们相携在春天去登高处，采摘苜蓿纷赠对方。如今山河残破，旧日的香气也已经忘却。	4	99999	10	0																						36	0											314		414		6								40		
鸿影之红袖招	0	9	1	\spr\item\equip\waist\obj-waist09.spr	36	1	2	诗人有云：“当年少年衫薄，骑马倚斜桥，满楼红袖招。”这是匠人为消逝的青春年代所造的怀念之物吧	3	99999	10	0																						36	0											314		414		6								40		
慧声	0	3	0	\spr\item\equip\ring\obj-ring04.spr	37	1	1	慧声妙解明禅心，去来无意随流云。	2	99999	6	0																						38	1											429		130		430								41		
缘君	0	3	0	\spr\item\equip\ring\obj-ring06.spr	37	1	1	取次花丛懒回顾，半缘修道半缘君。	2	99999	9	0																						38	0											429		130		430								41		
